function [r,w] = Gaussquad
% Gaussquad: the N-th order Gauss quadrature points, x, and weights, w,
% where N = 8
%
% Copyright (C) Terence Yu.

A = [-0.968160239507626	0.0812743883615745
    -0.836031107326636	0.180648160694857
    -0.613371432700591	0.260610696402936
    -0.324253423403809	0.312347077040003
    1.88315131599244e-16	0.330239355001259
    0.324253423403809	0.312347077040003
    0.613371432700591	0.260610696402935
    0.836031107326636	0.180648160694857
    0.968160239507626	0.0812743883615744];

r = A(:,1); w = A(:,2);